[my_image.JPG]
filters=autocolor=1;finetune2=1,0.315789,0.028070,0.092632,00000000,0.000000;
moddate=7671acf63147d601
width=716
height=1022
textactive=0
